% -------------------------------------------------------------------
%  Generated by MATLAB on 28-Mar-2017 00:40:42
%  MATLAB version: 9.1.0.441655 (R2016b)
% -------------------------------------------------------------------
saveVarsMat = load('plotting_function.mat');

A = saveVarsMat.A; % <4922x3 double> too many elements

C = [-0.54857996160632061; -0.18758985225529157; 0.814782224312022];

Cset = cell(1, 4);
Cset{1} = [-0.54857996160632061; -0.18758985225529157; 0.814782224312022; ...
           ];
Cset{2} = [0.54857996160632061; 0.18758985225529157; -0.814782224312022; ...
           ];
Cset{3} = [-0.54857996160632061; -0.18758985225529157; 0.814782224312022; ...
           ];
Cset{4} = [0.54857996160632061; 0.18758985225529157; -0.814782224312022; ...
           ];

E = ...
  [-0.024379326701546696 -0.77156227708159841 -0.32118114318596885;
   0.91615413407162127 -0.041984836301801616 0.35172279351077962;
   0.1945148087655808 -0.52914695572938863 -0.13526793913697466];

F = ...
  [-3.3608484160005382E-7 -9.8431084038510444E-6 0.0025838801635575744;
   1.1964861809858065E-5 -5.5344046936557753E-7 -0.0048189058880928485;
   -0.0040641811524544311 0.002752369302525517 0.99997300381743259];

I = saveVarsMat.I; % <1x6 cell> too many elements at I{1}

I1 = saveVarsMat.I1; % <960x1280x3 double> too many elements

I2 = saveVarsMat.I2; % <960x1280x3 double> too many elements

I3 = saveVarsMat.I3; % <960x1280x3 double> too many elements

I4 = saveVarsMat.I4; % <960x1280x3 double> too many elements

I5 = saveVarsMat.I5; % <960x1280x3 double> too many elements

I6 = saveVarsMat.I6; % <960x1280x3 double> too many elements

K = ...
  [568.996140852 0 643.21055941;
   0 568.988362396 477.982801038;
   0 0 1];

Nimages = 6;

Points = saveVarsMat.Points; % <5x6 cell> too many elements at Points{1,2}

R = ...
  [0.97474735513774524 0.058870476009961314 -0.21541091129822521;
   -0.021258699269486522 0.98470687490031761 0.17291743182635014;
   0.22229633680594207 -0.16397145354729142 0.961091931640386];

Rset = cell(1, 4);
Rset{1} = ...
  [0.97474735513774524 0.058870476009961314 -0.21541091129822521;
   -0.021258699269486522 0.98470687490031761 0.17291743182635014;
   0.22229633680594207 -0.16397145354729142 0.961091931640386];
Rset{2} = ...
  [0.97474735513774524 0.058870476009961314 -0.21541091129822521;
   -0.021258699269486522 0.98470687490031761 0.17291743182635014;
   0.22229633680594207 -0.16397145354729142 0.961091931640386];
Rset{3} = ...
  [-0.59116285968091842 0.32581267112190465 -0.73781608593896175;
   0.15242746930524864 -0.85316241504752832 -0.49887850239458809;
   -0.79201789117107513 -0.40738188090129829 0.45469513212508017];
Rset{4} = ...
  [-0.59116285968091842 0.32581267112190465 -0.73781608593896175;
   0.15242746930524864 -0.85316241504752832 -0.49887850239458809;
   -0.79201789117107513 -0.40738188090129829 0.45469513212508017];

X = saveVarsMat.X; % <737x3 double> too many elements

X_opt = saveVarsMat.X_opt; % <737x3 double> too many elements

Xset = saveVarsMat.Xset; % <6x1 cell> too many elements at Xset{2,1}

fpoints = saveVarsMat.fpoints; % <10336x6 cell> too many elements

i = 4;

id = [0; 0; 1; 0; 0; 0; 0; 0; 1; 0; 1; 0; 0; 0; 0; 0; 0; 0; 0; 0; 0; 1; ...
      0; 0; 0; 1; 0; 0; 0; 0; 0; 0; 0; 0; 1; 1; 0; 0; 0; 1; 0; 0; 0; 0; ...
      0; 0; 0; 0; 0; 0; 0; 0; 0; 0; 0; 0; 0; 0; 0; 0; 1; 0; 0; 0; 0; 0; ...
      0; 0; 0; 0; 0; 0; 0; 1; 0; 0; 0; 0; 0; 0; 0; 0; 0; 0; 0; 0; 0; 0; ...
      0; 0; 1; 0; 0; 0; 1; 0; 0; 0; 0; 0; 1; 0; 1; 0; 0; 0; 0; 0; 0; 0; ...
      0; 0; 1; 1; 0; 0; 0; 1; 0; 0; 0; 0; 0; 0; 0; 0; 0; 0; 0; 0; 0; 0; ...
      0; 0; 1; 0; 0; 0; 0; 0; 0; 0; 0; 0; 0; 1; 0; 0; 0; 0; 0; 0; 0; 0; ...
      0; 0; 0; 0; 0; 0; 1; 1; 1; 0; 0; 1; 1; 0; 0; 1; 0; 0; 0; 0; 0; 0; ...
      0; 0; 0; 0; 0; 0; 0; 0; 0; 0; 0; 0; 1; 0; 0; 0; 0; 0; 0; 0; 0; 0; ...
      0; 1; 0; 0; 0; 1; 0; 0; 0; 0; 0; 0; 0; 0; 0; 0; 0; 0; 0; 0; 0; 0; ...
      0; 0; 0; 0; 0; 0; 0; 0; 1; 0; 1; 0; 0; 0; 1; 0; 0; 0; 0; 1; 0; 1; ...
      1; 0; 0; 0; 0; 1; 0; 1; 0; 1; 0; 0; 0; 0; 0; 0; 0; 0; 0; 0; 0; 0; ...
      0; 0; 0; 0; 1; 0; 0; 0; 0; 0; 0; 0; 0; 0; 0; 0; 1; 0; 0; 0; 0; 0; ...
      0; 1; 0; 0; 0; 0; 0; 0; 0; 0; 0; 0; 0; 0; 0; 0; 0; 0; 0; 1; 1; 0; ...
      0; 1; 0; 0; 0; 1; 0; 0; 0; 0; 0; 0; 0; 0; 0; 0; 0; 0; 0; 0; 1; 0; ...
      0; 0; 1; 0; 1; 1; 1; 0; 1; 0; 1; 0; 0; 0; 0; 1; 0; 0; 1; 0; 0; 1; ...
      0; 0; 1; 0; 0; 0; 0; 0; 1; 0; 0; 1; 0; 0; 0; 0; 1; 0; 0; 0; 0; 0; ...
      0; 0; 0; 0; 0; 0; 0; 0; 1; 1; 0; 0; 1; 0; 0; 0; 0; 0; 0; 0; 0; 0; ...
      0; 0; 0; 0; 1; 0; 0; 0; 0; 0; 0; 0; 0; 0; 0; 0; 0; 0; 0; 0; 0; 0; ...
      0; 0; 0; 0; 0; 0; 0; 0; 0; 0; 0; 0; 0; 0; 0; 0; 0; 0; 0; 0; 0; 0; ...
      0; 0; 0; 0; 0; 0; 1; 0; 1; 1; 0; 0; 0; 0; 0; 1; 0; 1; 0; 0; 0; 0; ...
      0; 0; 1; 0; 0; 0; 0; 0; 0; 0; 0; 0; 1; 1; 0; 0; 1; 0; 1; 1; 0; 1; ...
      0; 0; 0; 0; 0; 0; 1; 0; 1; 1; 0; 0; 0; 0; 0; 1; 0; 1; 0; 0; 0; 0; ...
      1; 0; 0; 0; 0; 0; 0; 0; 0; 0; 0; 0; 0; 1; 0; 0; 1; 0; 0; 0; 0; 1; ...
      0; 0; 0; 0; 0; 0; 0; 0; 0; 0; 0; 0; 0; 0; 0; 0; 0; 0; 0; 0; 0; 0; ...
      0; 1; 0; 0; 0; 0; 0; 0; 0; 0; 0; 0; 0; 1; 0; 0; 0; 0; 0; 0; 0; 1; ...
      0; 0; 0; 0; 0; 0; 0; 1; 0; 0; 0; 0; 0; 0; 0; 0; 0; 0; 0; 0; 0; 0; ...
      0; 1; 0; 0; 0; 0; 0; 0; 0; 0; 0; 0; 0; 0; 0; 0; 1; 0; 0; 0; 0; 0; ...
      0; 0; 0; 1; 0; 0; 0; 0; 0; 0; 1; 0; 0; 0; 0; 0; 0; 0; 0; 0; 1; 0; ...
      0; 0; 0; 0; 0; 1; 0; 0; 0; 0; 0; 0; 0; 0; 0; 0; 0; 0; 0; 0; 0; 1; ...
      0; 0; 0; 1; 1; 0; 0; 0; 0; 0; 0; 0; 0; 0; 0; 0; 0; 1; 0; 0; 0; 0; ...
      0; 0; 0; 0; 0; 0; 0; 0; 0; 0; 0; 1; 0; 0; 0; 0; 0; 0; 0; 0; 0; 0; ...
      0; 0; 0; 1; 0; 0; 0; 0; 0; 0; 0; 0; 1; 0; 0; 0; 0; 0; 0; 0; 0; 0; ...
      0; 0; 0; 0; 0; 0; 0; 1; 1; 0; 0];

indx = saveVarsMat.indx; % <5x6 cell> too many elements at indx{2,3}

points = saveVarsMat.points; % <6x6 cell> too many elements at points{1,2}

t1 = saveVarsMat.t1; % <737x2 double> too many elements

t2 = saveVarsMat.t2; % <737x2 double> too many elements

x1 = saveVarsMat.x1; % <737x2 double> too many elements

x2 = saveVarsMat.x2; % <737x2 double> too many elements

clear saveVarsMat;
